   2.0000000e+00  -4.1359812e-01  -1.4037747e+00  -1.7020411e+00   1.1360310e-01  -3.6897651e-01  -1.4955748e+00
   2.0000000e+00  -2.7581348e-01  -1.2304669e+00   4.4574073e-01   4.2413029e-01  -1.0043829e-01  -4.5654396e-01
   2.0000000e+00  -5.1863090e-01   5.8593848e-01   8.2527572e-01   8.6610609e-01   9.0215923e-01   2.6360951e-01
   2.0000000e+00   2.3867527e+00  -6.1097630e-01   8.6364633e-01   1.0941758e+00   9.6132089e-01  -9.8997138e-01
   2.0000000e+00   1.2757540e+00  -5.4802619e-01  -1.2797201e+00  -1.0232144e-02   8.7431248e-01  -1.8916996e-01
   2.0000000e+00  -8.8044677e-01   1.4317185e+00   2.3218367e+00   9.7037634e-01   5.7082175e-01  -5.0097148e-01
   2.0000000e+00  -2.7259455e-01  -2.0905170e+00  -7.0623710e-01   4.6257103e-01  -4.8194385e-01   9.2236220e-01
   1.0000000e+00   5.9645374e-02   8.7098607e-02   1.5053327e+00  -7.1264122e-01  -8.5539869e-01  -3.8689613e-02
   2.0000000e+00   6.2363145e-01  -6.9321529e-01   2.6452830e-01   1.0502637e+00  -8.7960034e-01   8.8476111e-01
   2.0000000e+00   1.2366015e+00   1.4922298e-01  -7.7023890e-01   9.0418620e-02  -5.4642703e-01  -1.4028037e+00
   2.0000000e+00  -4.7228642e-01   1.4400401e+00   6.3887060e-01  -2.6061287e-01  -6.4140171e-01  -1.9848139e+00
   1.0000000e+00   1.7703683e-01  -1.2246708e-01  -2.9337498e-01   6.3029737e-01  -3.4463398e-03  -8.1524504e-01
   1.0000000e+00   5.4853017e-01   4.1990371e-02   4.9008293e-01  -5.9404922e-01   1.2145209e-01  -1.2510296e-01
   2.0000000e+00  -1.0955424e+00   2.7794121e-02   1.9543759e+00  -1.1110048e+00   4.5352608e-01  -7.6603570e-01
   2.0000000e+00  -5.4874537e-02  -3.7077400e-02   1.2000121e+00   1.1927700e+00   7.8666842e-01   8.1849799e-01
   2.0000000e+00  -7.3132630e-01   7.0643059e-01   6.4398396e-01   6.6805978e-01  -1.0590107e+00   3.1957135e-01
   2.0000000e+00  -6.9745032e-01   4.5657295e-01  -1.9550875e+00  -1.9189142e+00  -1.5377862e-01   5.9182825e-01
   2.0000000e+00   1.2449801e+00  -5.2488432e-02  -1.6272074e+00   2.2489601e-01   2.6962476e-01  -3.9788486e-01
   2.0000000e+00  -1.7865004e-01   1.1817080e+00   6.5393709e-01   2.5750153e-02   2.5318404e-01  -1.8814928e+00
   2.0000000e+00  -4.2406751e-01  -7.4897350e-01   2.0282079e+00   5.8675232e-01   1.0455321e+00   7.3176264e-01
   1.0000000e+00   5.0976634e-02   3.8013142e-01   7.5546967e-01  -2.4792278e-01  -7.1915193e-01   1.4636730e+00
   2.0000000e+00   2.0891676e-01  -4.1703234e-01   1.4660785e+00  -1.4003450e+00   1.9188494e+00   1.2811868e+00
   2.0000000e+00  -1.0126501e+00  -3.9298728e-01  -2.1559955e-01  -1.8824854e-01  -3.1226702e-01  -9.8616413e-01
   2.0000000e+00  -5.6909794e-01  -1.1696593e+00  -7.2102083e-01  -1.3964224e-01   7.8105548e-01   1.5769275e+00
   2.0000000e+00  -9.2097948e-01   1.1185261e+00  -9.7538708e-01   2.1938263e+00   9.8335225e-01  -2.7248674e-04
   2.0000000e+00  -2.5548312e-01   1.4341331e+00   8.8951067e-01  -7.1123330e-01  -1.7065484e+00   9.6486090e-01
   1.0000000e+00   1.3273170e-01  -5.6494629e-01   3.4430506e-01   2.0131801e-02   4.8156252e-01  -8.6898664e-01
   1.0000000e+00   2.9024799e-01   4.8091952e-01  -2.1595403e+00   3.5367924e-01  -1.1857546e-02   3.0915769e-01
   2.0000000e+00   1.9973915e+00   1.5306034e+00  -2.8902103e-01  -1.0322015e-01  -3.7559053e-01  -2.3296660e-01
   1.0000000e+00   2.9968590e-02  -7.9156191e-01   1.5001634e-01  -7.2787378e-01   3.1085362e-01   3.1733801e-01
   2.0000000e+00  -1.8097747e+00  -1.9376980e+00   3.6985660e-02  -2.4209189e-01  -2.9636637e-01   7.7380121e-01
   2.0000000e+00   1.0323094e+00  -4.8116827e-01  -3.4613395e+00   1.3998208e+00   1.8660501e-01   1.4450912e+00
   2.0000000e+00  -2.7907566e-01  -8.0052573e-01  -2.2687737e+00  -2.1828011e+00  -3.7360843e-01   4.7020314e-01
   2.0000000e+00  -3.8510677e-01   1.4549817e+00   1.1050566e+00  -8.2828883e-01   1.2486611e+00   9.7327639e-01
   1.0000000e+00   3.6942161e-01  -1.1910026e-01  -7.7017147e-01  -1.8466888e-01  -7.3894209e-01   2.0681747e-01
   2.0000000e+00   9.5730577e-01  -2.1121208e+00   1.7693228e-01  -3.9567690e-01   7.4550701e-01   1.3325619e+00
   2.0000000e+00  -1.1516151e-01   2.5073351e-01  -3.0943136e-01  -1.2084612e+00   2.7630559e-01  -5.9756816e-01
   2.0000000e+00   3.8263643e-01  -2.1361279e+00   1.4130568e+00  -1.5023188e+00   1.5220595e-01  -4.3634549e-01
   2.0000000e+00   1.0223146e+00   1.2855344e-01   2.8735064e-01   4.5799269e-01   1.4492217e+00  -7.2886549e-01
   2.0000000e+00  -3.2158260e-01   3.5374837e-01   6.3310575e-01   5.7498426e-01   7.0734985e-01  -8.0951594e-02
   2.0000000e+00  -3.8289634e-01   3.1768588e-01  -1.5242732e-01   8.9619381e-01   1.1480101e-01   4.7447849e-01
   2.0000000e+00  -2.4630694e-01  -2.6590286e-01   9.1903932e-01  -1.6198018e-01  -1.4809823e+00  -8.2117698e-01
   2.0000000e+00  -1.3006185e+00  -1.2569273e+00  -7.7621580e-01   2.3458360e+00   8.9896810e-02   4.0231350e-01
   2.0000000e+00   2.0589089e+00   5.4209486e-02  -3.3394233e-01  -4.8983546e-01   6.5545768e-02   6.5215835e-01
   2.0000000e+00  -1.5043806e+00  -1.3032073e+00   2.0019890e-01   4.5331867e-01  -1.3461154e+00  -4.2109432e-01
   2.0000000e+00  -2.4926634e-01  -7.5162731e-01   2.0060068e-01   7.7237812e-01  -2.1176598e+00   5.6553704e-01
   2.0000000e+00  -2.7231536e-01   1.3724682e-01  -1.4705125e+00  -9.7553236e-01   1.0524171e+00  -3.7638691e-01
   2.0000000e+00   2.1938477e+00  -3.8140962e-01  -8.2741176e-02  -3.4462346e-01  -9.7881963e-01  -5.7514807e-01
   2.0000000e+00  -5.0968008e-02   3.8448538e-01  -7.2920419e-01   8.8260466e-02  -2.0557916e-01  -1.3530152e+00
   2.0000000e+00  -1.0420774e+00  -1.2466125e-01   2.9367680e-01  -1.0321342e-01  -8.4744833e-01   5.5899797e-01
   2.0000000e+00   1.2609542e+00   1.1082866e+00  -5.8153278e-01   8.5970893e-03   1.0700890e-01  -8.6247284e-01
   2.0000000e+00   5.1719088e-01   2.0838378e+00   6.9517844e-01  -1.2594052e+00  -2.4098271e-01  -9.0835000e-02
   2.0000000e+00  -3.7235077e-01   1.6664939e+00  -9.8014805e-01   2.9707863e-01   2.8792292e-01  -1.0461168e+00
   2.0000000e+00  -1.1496231e+00  -9.3235684e-01   1.7319480e+00  -5.8959291e-01  -7.8263285e-01  -1.5306290e+00
   2.0000000e+00  -1.3085726e+00   2.2134354e+00   5.5992713e-01  -9.4098719e-01   1.1081175e-01  -1.2634765e+00
   2.0000000e+00   1.0974895e+00  -2.0115007e+00  -4.9391614e-01   1.4488264e+00  -1.1894653e+00   1.8568306e+00
   1.0000000e+00   1.0472703e-01   4.7585660e-01   8.8035747e-01  -1.6774499e+00   5.5425640e-01  -2.6357551e+00
   2.0000000e+00  -1.7922461e+00   1.2183454e+00   1.9719495e+00  -4.4880095e-01   5.2000657e-01  -1.8951702e-01
   2.0000000e+00   7.4080028e-01   1.2822854e+00   8.9103923e-01  -1.1601331e-01   2.0678096e+00   1.4080122e+00
   2.0000000e+00   5.1771226e-01   9.3761452e-01   1.1290274e-01   2.1119375e+00  -2.4835052e+00  -1.2484146e+00
   2.0000000e+00   1.6979601e-01  -2.6042363e+00   1.1036298e+00   9.6255434e-01  -7.8667430e-01  -1.6180403e+00
   2.0000000e+00   6.8659255e-01   1.9504384e+00  -1.6668902e+00  -1.1891392e-01   1.5486106e+00   3.9783999e-01
   2.0000000e+00  -6.3980818e-01   5.7990886e-01   9.5426724e-01  -5.9286426e-02  -1.8014867e-01  -2.3292662e-01
   2.0000000e+00   8.8122644e-01  -9.4532043e-01   4.1664629e-01   4.3577773e-01   1.2690653e+00  -9.2228088e-01
   2.0000000e+00  -6.1436652e-01  -1.0294278e+00  -9.8323325e-03  -2.3877843e-01   3.0813782e+00   1.7273587e+00
   2.0000000e+00   7.3188568e-01   9.8720526e-01  -1.7960940e+00   9.8538336e-01  -1.2729198e+00   7.2436967e-01
   2.0000000e+00  -3.4266979e-01   2.1127386e+00   1.9205535e+00   1.8843770e+00  -4.3909628e-01  -7.8951657e-01
   1.0000000e+00   7.7899919e-01   1.1837634e+00  -2.7180050e-01  -2.8913594e-01  -4.7609633e-01  -4.1874188e-01
   2.0000000e+00  -7.7027416e-01   2.4475496e+00   9.6942047e-01  -8.1183382e-01   3.4972461e-01  -2.6900228e-01
   1.0000000e+00   8.1830102e-01  -3.1366457e-01  -1.7378257e-01   1.2153894e-01   6.8641236e-02  -2.4472525e-01
   1.0000000e+00   3.4929984e-01   9.0463675e-02  -1.2037644e+00  -1.5285472e+00   8.7683446e-01   4.5558341e-01
   2.0000000e+00  -1.1425232e+00  -8.5077058e-01  -3.2698496e-01   6.5889094e-01  -7.8983608e-01   1.4226123e-01
   2.0000000e+00  -1.9109231e+00   8.9014969e-01   9.8599879e-01   3.0330722e-02  -1.3189513e+00  -8.8709370e-01
   2.0000000e+00   1.9724930e+00  -1.6479201e+00  -2.0526046e-01   1.9520315e-01  -3.8587261e-01   4.9230060e-01
   2.0000000e+00   6.9313429e-01   1.5726145e-01   4.0389957e-01  -9.5746915e-01  -7.7506805e-01   5.4594960e-01
   2.0000000e+00   3.8785399e-01  -3.3712765e-01  -3.6399490e-01  -1.6539922e+00   1.0292795e+00  -1.1042211e+00
   2.0000000e+00  -6.8597045e-01   2.3772071e-01  -1.9571006e-01  -1.2590681e+00  -4.6837999e-01  -8.6857417e-01
   2.0000000e+00   7.4555123e-01   4.5196538e-01   5.8239415e-01  -5.8108395e-01   1.1456532e+00   1.1319404e+00
   1.0000000e+00   8.2078582e-01  -1.3205434e-01  -1.4298268e+00  -4.0108603e-01   2.1768011e-03  -5.0915530e-01
   2.0000000e+00   1.3286653e+00   3.0969493e-01  -7.9043918e-01  -1.2030799e+00  -1.3037961e+00   1.7125093e+00
   2.0000000e+00  -6.9012337e-01  -1.0037845e+00   3.2081899e-01  -2.4475707e-01  -2.8785903e+00  -3.2792506e-01
   2.0000000e+00  -1.0170947e+00   5.2515789e-01  -1.1558102e+00   4.8102897e-01   1.5408383e-01  -1.4720713e-01
   2.0000000e+00   1.0657371e+00   7.6814986e-01   1.3175874e+00   8.4016564e-01   4.3068011e-01  -5.0392231e-01
   1.0000000e+00   3.6117156e-01   8.3120034e-01   2.9191475e-01   1.3497819e+00  -4.1856452e-02   6.4621654e-01
   2.0000000e+00  -7.7777967e-01   1.4151357e+00  -1.4794053e+00   4.5290553e-01   6.3961097e-01   2.9874253e-01
   1.0000000e+00   3.5347418e-01   7.9285741e-01   1.8332094e+00   1.7678338e+00   5.4021067e-01  -3.2820302e-01
   2.0000000e+00   2.1169946e-01   2.0697779e+00  -1.0322574e+00   6.7769336e-01  -6.1002999e-01  -1.8072861e-01
   1.0000000e+00   5.5939212e-01  -2.8584502e-01   1.4649698e+00   4.2382960e-01   6.1872505e-01   6.9384684e-01
   2.0000000e+00   7.0568608e-01  -5.8881750e-03   6.3812509e-01  -1.1134951e+00  -2.0725892e+00   6.1518423e-01
   2.0000000e+00   1.0070461e+00   2.4665279e+00   1.4165750e+00  -3.5978149e-01   8.7483231e-02  -1.0388681e+00
   1.0000000e+00   9.0259377e-01  -9.0776426e-01   5.7347906e-01   1.5779007e-01   7.7873338e-02   1.5306994e+00
   2.0000000e+00   2.2954649e-01   2.2059281e+00  -5.4964077e-01   1.4624547e+00  -8.8277165e-01   2.3975080e-01
   2.0000000e+00   9.6344768e-01  -1.4462197e+00   4.3279896e-01   1.2066834e-01   1.4480456e+00  -1.1712432e+00
   2.0000000e+00   3.0755589e-01   1.2246072e-01   2.4023441e+00   1.3606335e+00  -1.5335752e+00   1.3155319e+00
   2.0000000e+00   2.0917490e+00   2.2803894e+00   1.2636271e+00  -1.4940353e+00  -8.6875822e-01  -3.9149227e-01
   2.0000000e+00  -4.3239525e-01   5.8927458e-01   1.1617567e+00  -1.2956486e+00  -1.9569289e+00   1.2011330e-02
   2.0000000e+00  -1.1383993e+00  -4.0388621e-01   4.0706257e-01  -9.5128867e-01   1.4023287e-01  -7.6982073e-03
   1.0000000e+00   2.4335986e-01   1.4121494e+00   8.2901452e-01   6.0902911e-01   2.0362790e-02   2.4415436e-01
   2.0000000e+00  -4.3409406e-01  -1.6121236e-01  -6.2821074e-01  -1.8037509e+00   9.0934975e-01  -7.3663612e-01
   2.0000000e+00   9.4941636e-01  -5.3598654e-01   1.8125880e+00   1.2670527e+00   8.7745952e-01   1.2590208e+00
   1.0000000e+00   4.8795551e-01   1.2599925e+00   7.0657589e-01   3.8698406e-01   1.2646046e-01  -2.3963214e-01
   2.0000000e+00  -3.6310656e-01  -4.5086589e-01   8.6831811e-01   2.6481984e-01  -1.1989102e+00  -2.2867263e-01
   2.0000000e+00  -1.3084731e+00  -1.9537236e+00  -4.5523899e-02   3.9360712e-01   1.1419046e+00   8.1093545e-01
   2.0000000e+00  -4.7129894e-01   1.2512838e+00   1.1813977e+00   4.8995212e-01  -3.1274749e-01  -2.0071250e-01
   2.0000000e+00  -5.8425742e-01   5.7621990e-01  -7.2411931e-01   7.8530586e-01  -2.6097715e-02  -2.3008894e-01
   2.0000000e+00   6.4083551e-01  -7.8620655e-01   7.1076319e-01   2.0525346e+00  -1.0352569e+00   5.7236896e-01
   1.0000000e+00   4.2787237e-01  -5.2550203e-02   6.2729706e-01  -1.1281148e+00  -3.1961714e-01   1.0061775e-01
   2.0000000e+00  -1.8663327e-01   5.6688943e-01  -2.7074504e-01  -6.4985664e-01   8.2588950e-02   2.7342374e-01
   2.0000000e+00  -6.1903910e-02   5.3546807e-02  -2.0260907e+00  -1.6084901e+00  -3.1275445e-01   7.2361937e-01
   2.0000000e+00  -3.9333015e-01  -1.0046100e+00  -8.6597475e-02   8.1742075e-01  -2.4736633e-01   3.9700261e-01
   2.0000000e+00   1.0529741e+00   7.1306384e-01  -1.3401529e+00  -1.5518292e-01  -1.5344919e-01   1.4415476e-01
   2.0000000e+00   5.0495667e-01  -8.0664327e-01   1.0355086e+00  -1.2630146e+00   1.3647972e+00  -8.0453420e-01
   2.0000000e+00   2.6994220e-01   1.1096631e-01  -1.4917873e+00   1.2372048e+00  -1.2290618e+00   3.5136504e-01
   2.0000000e+00   1.2397706e+00  -1.3170567e+00   1.6110886e+00   6.0853353e-01  -5.7735591e-01   6.6468344e-01
   2.0000000e+00   1.0125807e+00   6.0534862e-01   3.7467244e-01  -1.1767278e+00   4.7565040e-02   3.3515220e-01
   2.0000000e+00  -1.8236665e+00   1.3933991e+00   1.9784554e+00  -1.9689495e+00  -3.4980872e-01  -4.7869076e-02
   2.0000000e+00  -1.6326679e+00  -3.9607195e-01   4.7810685e-01   5.6606290e-01   7.6959178e-02   3.8880579e-01
   2.0000000e+00  -9.7981160e-01  -9.6351368e-01   1.9353058e-01  -6.5729735e-01   6.7013346e-01   1.4455027e+00
   2.0000000e+00   1.2806457e+00   4.1696899e-01   1.2213637e+00   6.7671289e-01   1.3352038e+00  -1.9733590e+00
   2.0000000e+00  -7.2916497e-01  -3.5643646e+00  -1.6699325e+00   5.7295424e-01   1.4384392e+00  -1.3698976e+00
   2.0000000e+00  -6.7374673e-01   1.5357986e+00  -1.0231840e+00  -1.9437276e-01  -2.5362391e+00   9.1786875e-01
   2.0000000e+00   6.3785012e-02  -2.9545491e-01  -5.7104653e-01  -1.7275971e+00   1.3520963e+00   1.6554386e-01
   2.0000000e+00  -9.1368803e-01   1.1867804e+00  -1.2904690e+00   1.1585888e+00   5.1701300e-01  -1.1159686e+00
   2.0000000e+00   7.6389419e-01   6.2426267e-01   6.5410389e-02  -6.0277500e-01   6.8466461e-01  -5.3499165e-01
   2.0000000e+00   1.3706675e+00   1.9292263e-01   2.2069610e+00  -1.2035362e+00   5.3309500e-01   3.3090626e-01
   2.0000000e+00  -9.1019593e-01  -1.0052663e-01   1.5340221e-01   2.0704697e+00  -2.0067016e+00   1.2339991e+00
   2.0000000e+00   9.9554151e-01   1.1811954e+00   4.4901270e-01   1.2701192e+00  -5.6193625e-01  -2.1987856e-01
   2.0000000e+00  -1.1512794e-01  -1.5973528e+00   2.9370686e-01   1.0553241e+00   6.0740152e-01  -1.7007408e-01
   2.0000000e+00  -4.4259213e-02  -5.9206393e-01   2.2605700e+00   1.3657580e+00  -1.4969676e+00   5.3423909e-01
   2.0000000e+00  -3.8136794e-01  -1.8085801e+00  -7.8429667e-01  -1.1910427e+00   2.7679228e-01   1.4648638e+00
   1.0000000e+00   1.8975425e-01   8.2449416e-01   7.9997513e-01   1.5148512e+00   3.4547539e-01  -7.9104874e-02
   2.0000000e+00   1.5752408e+00  -8.6082157e-01  -1.5962212e+00   2.6513975e-01   1.3277533e+00  -6.5979791e-01
   1.0000000e+00   8.6132780e-01   4.7930443e-01   6.2105057e-01   4.2792328e-01   4.9012494e-01  -8.8264222e-01
   2.0000000e+00   1.5316341e+00   1.5381722e-01   1.0071722e+00  -1.3167549e-01   1.1052754e+00   9.6456328e-01
   2.0000000e+00  -2.4579779e-01   1.7267757e-01  -5.1623197e-01  -8.4979772e-02  -5.5288672e-02  -4.4408288e-01
   2.0000000e+00  -6.2035658e-01  -3.9624180e-01  -1.3606483e+00  -5.7208882e-01  -5.5943857e-01  -8.5533315e-01
   1.0000000e+00   1.0830952e-01  -1.4336078e+00   7.2932708e-01  -1.4089088e+00  -9.0115729e-01   9.2269565e-01
   2.0000000e+00   1.7578657e+00  -2.4786432e-01   2.7505222e-01  -6.1983443e-01  -2.7576413e-02   6.7220120e-01
   2.0000000e+00  -1.3089229e+00   4.2478260e-01  -5.0424015e-01  -6.2848659e-02   3.2060778e-01   2.1093625e+00
   2.0000000e+00   1.1869808e+00  -1.3952483e-01  -3.2599226e-01  -6.3641081e-01  -1.3274358e+00  -2.6526076e-02
   2.0000000e+00  -1.2939599e-01  -2.2885372e+00  -7.0962840e-02  -9.2118292e-01   4.1690613e-01  -1.0302797e+00
   1.0000000e+00   1.5576495e-01  -2.9867945e-01   3.9725495e-01  -3.6620398e-01   5.4162364e-01   4.4252524e-01
   1.0000000e+00   4.2381913e-01  -1.0932313e+00   1.3667125e-01  -3.5034724e-01   8.1567746e-01  -1.2317204e+00
   2.0000000e+00   6.4279571e-01  -1.7897184e-01   1.0235470e+00  -4.3643597e-01  -9.6645251e-01  -5.9844957e-01
   2.0000000e+00   3.6011649e-01  -7.9355798e-01  -1.5546175e-01  -6.1604420e-01  -1.8483979e+00  -3.1834285e-01
   2.0000000e+00   2.0607896e+00   1.4527561e+00   1.3243193e+00  -5.0478472e-01  -6.2816686e-01   7.1874681e-01
   2.0000000e+00  -1.0797741e+00   8.2821895e-01   5.4633959e-01   1.6341537e-01   6.0207852e-01  -4.5900796e-01
   2.0000000e+00  -1.2282355e+00   9.0340164e-02   3.4020174e-02  -3.4775020e-01   7.8434937e-01  -1.8946154e-01
   2.0000000e+00   1.0810065e+00  -3.5484610e-01   2.1563717e-01  -1.3910602e+00   1.1979889e+00   2.0519583e+00
   2.0000000e+00   6.3268411e-01  -1.1102638e+00   1.8384430e+00  -1.1398741e+00   1.2996324e+00   6.1616824e-01
   2.0000000e+00   1.7330023e-01   1.3253184e-01   1.0896118e+00   1.8700844e-01   1.4486717e+00   6.8110271e-02
   2.0000000e+00  -4.1759256e-01  -6.7974901e-01   3.8389442e-01   1.1012059e-01  -4.6195580e-01   2.0504003e-01
   2.0000000e+00  -1.9285282e+00  -1.2488006e+00  -6.4140194e-01   2.8053061e-01  -1.1545255e+00  -7.8037881e-02
   2.0000000e+00   7.0585340e-01  -2.8408463e-01  -1.2222275e+00  -5.8573783e-02  -8.7966942e-01   1.0579603e+00
   2.0000000e+00   7.8204052e-01   7.8719679e-01  -9.4733065e-01  -3.7747271e-01   8.3122701e-01   5.1741572e-01
   2.0000000e+00   1.9916110e+00  -1.2409050e+00   2.9749009e-01   1.2220801e+00  -2.0439669e-01  -4.0712060e-01
   2.0000000e+00  -4.2217023e-01  -2.6111716e-01  -1.0868972e+00  -4.7101932e-01  -1.3326385e+00   9.9833151e-01
   2.0000000e+00  -1.4490148e-01  -1.8913257e+00   3.8598476e-01  -4.6665083e-02  -9.0515050e-01   1.1894714e-01
   1.0000000e+00   2.8932809e-01   2.8772481e-02   9.3855875e-01   7.4118084e-01  -6.6447055e-01   3.6945872e-01
   2.0000000e+00  -9.0417820e-02   1.2336566e+00  -6.6583674e-01   6.8256779e-01   6.6055601e-02   3.9599127e-02
   2.0000000e+00  -2.4916611e-01   6.7427094e-01  -8.8075131e-01   4.7545379e-01  -7.7943069e-01  -3.6185179e-01
   2.0000000e+00  -3.2470242e-01  -1.0424099e+00   8.9281981e-01  -3.2689971e-01   7.6866901e-02  -4.7195114e-01
   2.0000000e+00   4.9673593e-01   9.5257594e-01  -1.3066174e+00   4.1109667e-01   1.9740693e+00   2.9966640e-01
   2.0000000e+00  -1.1442772e+00   8.3321752e-01  -1.5004622e+00   9.2274855e-01  -3.7077088e-01   2.9596112e-01
   2.0000000e+00  -1.3208927e+00  -7.3904064e-01   6.5324411e-01   1.9939471e+00   1.0983312e+00   7.0020610e-02
   2.0000000e+00   1.2099487e+00  -4.0518503e-01  -9.8666832e-01   6.3373210e-01   1.1160279e+00   2.3943629e-01
   2.0000000e+00  -3.9873890e-01  -5.5827170e-01   1.2061704e+00   1.5988280e-01  -5.1605800e-01  -1.5113231e+00
   1.0000000e+00   3.5378053e-01   7.5040838e-01  -7.4227387e-02   1.9664212e+00  -8.6196907e-01  -5.5105790e-01
   1.0000000e+00   5.0870646e-01  -4.6083992e-01   2.8085174e-01   2.0610935e+00   5.4896066e-01   1.7223137e+00
   2.0000000e+00  -5.1252436e-03  -1.5879910e+00   1.4241577e+00   2.2662742e-01  -1.2096727e+00  -7.6069752e-01
   1.0000000e+00   4.3848756e-02   2.3694700e-01  -1.3708104e+00   5.0497811e-01  -1.1640208e-01  -1.3554271e+00
   1.0000000e+00   2.3999112e-01   8.1177961e-01   4.8500944e-02  -1.2513245e+00   3.4749690e-01  -2.8369019e-02
   2.0000000e+00  -3.2663519e-01   2.1990514e+00   1.0426262e+00   9.9165886e-01  -1.2625149e+00  -1.1120251e+00
   1.0000000e+00   3.4706850e-01   5.0596598e-01   8.4094660e-01   3.8529854e-01   2.1501629e-01  -1.0075702e+00
   2.0000000e+00  -4.6841418e-01  -1.3514962e+00  -1.0201706e+00  -5.3465793e-01   1.8902786e+00  -1.2096394e+00
   2.0000000e+00   6.0189837e-01  -1.3631142e+00  -2.3996126e+00  -1.0214869e-01  -1.1197018e+00  -4.2483766e-01
   2.0000000e+00  -5.8923657e-01  -4.0821575e-01   9.0094405e-01  -1.0098760e+00   8.9277994e-01  -3.5245846e-01
   2.0000000e+00  -6.7122878e-01  -1.4359828e-02  -1.3885400e+00   1.2387228e+00  -9.3668614e-01  -5.2920169e-01
   2.0000000e+00   1.0467386e+00  -9.5884008e-01  -1.8093939e+00   4.6920914e-01  -1.0196929e+00  -2.0446689e-01
   2.0000000e+00   2.6588456e-01   5.5766446e-01  -1.0272619e+00  -1.7400200e+00  -1.6322764e+00   1.0539395e+00
   1.0000000e+00   1.4640723e-01   3.0539075e-01  -1.1691037e+00  -4.1173540e-01  -6.6259976e-01  -1.1561570e+00
   2.0000000e+00  -2.2977451e-02  -1.6999692e+00   3.8674720e-01   9.1842879e-01   3.8070579e-01   2.4702371e+00
   2.0000000e+00  -7.7355892e-01  -2.1545867e-01  -3.7484241e-01   2.3647730e-01  -3.4419274e-01   3.6375905e-01
   1.0000000e+00   1.7664340e-01  -1.2923032e+00  -1.1655244e+00  -3.9984595e-01   4.0411509e-01  -1.5383452e+00
   2.0000000e+00  -2.0666415e+00  -7.7920057e-01   1.5094228e-01   1.0910908e+00   1.7505833e-01   8.1641906e-01
   1.0000000e+00   8.9821206e-01   5.8661947e-01   8.1660013e-01  -1.6873604e-01  -5.1498930e-02   1.2238965e-01
   2.0000000e+00   1.2190275e+00  -6.4027034e-01   7.0612358e-01   2.8401990e+00  -1.7620961e+00  -2.5949473e-01
   1.0000000e+00   7.7292356e-01  -8.9586486e-01   5.2827934e-01   3.1566888e-01  -4.3980389e-01   1.1764785e+00
   2.0000000e+00  -1.7781988e-01  -3.6316187e-01  -4.0722833e-01  -2.6805913e-02  -4.7480925e-01   1.7615276e+00
   2.0000000e+00  -4.8224771e-01   1.8394756e-01  -2.4872603e-01  -6.2016643e-01  -1.1360688e-01  -4.9862765e-01
   1.0000000e+00   5.1242347e-01  -8.6762725e-01  -2.2820996e-01  -9.1050323e-01   5.6181925e-01  -5.3287920e-02
   2.0000000e+00  -8.6610599e-01   4.8513349e-01   2.7449189e-01  -9.2156990e-02  -1.3333046e+00   1.1678681e+00
   1.0000000e+00   1.4779899e-01   3.6225570e-01  -9.6432039e-01   1.0109047e+00  -8.6420673e-01   7.4493539e-01
   2.0000000e+00   5.6219390e-01   8.7571756e-01   8.9984790e-01  -2.1650993e-01   1.4459540e+00   2.5300911e+00
   2.0000000e+00  -1.0816094e+00   5.7013425e-01  -9.1143211e-01   2.3964493e+00   4.1935596e-01  -1.0195410e+00
   2.0000000e+00  -5.4510796e-01   6.3602739e-01   4.8864573e-01   1.7591170e+00  -9.4074521e-01   2.2581134e-01
   2.0000000e+00  -1.2434488e+00  -1.8844550e+00   2.3156448e-01  -2.3660339e-01  -2.2520031e+00  -2.1391036e+00
   2.0000000e+00  -1.5677060e+00   1.3668007e-01  -1.8155610e+00  -2.1291756e-01   2.5900100e-01   1.3920969e+00
   1.0000000e+00   7.0332980e-01  -4.0990284e-01   7.7847683e-01  -3.1587335e-01   4.5329231e-01   1.0520983e+00
   2.0000000e+00  -4.6054376e-01   1.9482743e-01   5.4544611e-01  -1.1527044e+00   1.9551352e-01  -3.4923882e-01
   2.0000000e+00  -1.6951896e+00  -6.9167991e-02   2.6190037e-01  -2.5533205e-01  -9.8979672e-01  -1.6952196e+00
   2.0000000e+00  -1.7363678e-01  -2.1036356e+00   1.3844637e+00  -1.0087110e+00   7.7013753e-01  -2.6469677e-01
   2.0000000e+00  -1.0282480e+00  -1.3208575e+00  -1.2651148e+00  -8.6509380e-01   1.0443916e-01  -2.3654384e-01
   2.0000000e+00  -7.2049536e-01  -7.6285109e-01  -1.1496699e-01   6.0598670e-01   7.0942287e-01  -4.9406649e-01
   1.0000000e+00   7.5622595e-01  -1.1021947e+00   3.4179345e-01  -6.3002910e-01   4.4940771e-01   7.1105496e-01
   1.0000000e+00   2.6122345e-01   6.0808992e-01  -1.3708411e+00  -5.6908439e-01  -7.4612140e-01  -1.8062926e+00
   1.0000000e+00   1.1354595e-01  -8.7056159e-01   5.4073518e-01   6.9145044e-01  -2.6323130e-01   7.4404484e-01
   2.0000000e+00  -2.3639866e-01   1.3251945e+00   1.8134630e+00   3.1130752e-01   3.0487261e-01   1.4112125e+00
   1.0000000e+00   3.4464284e-01  -6.0565183e-01  -1.0738039e-01   1.3895434e+00  -1.9482536e-01   1.1407455e+00
   2.0000000e+00  -4.0036705e-01  -5.4160737e-01   1.7950941e+00  -1.0097579e+00   1.0436289e+00   7.6715370e-01
   2.0000000e+00   1.4230701e+00   6.8013721e-01  -9.6295892e-01   9.2106878e-01  -2.5020225e+00  -3.9592064e-01
   2.0000000e+00   1.8640451e+00   1.8424117e+00   1.4429496e+00  -2.8766013e-01  -8.2251904e-01  -1.7850525e+00
   2.0000000e+00  -8.0544991e-01   2.0863407e-01   2.7781760e-01  -4.4613588e-01  -1.8622218e+00   1.0742621e+00
   1.0000000e+00   2.4795585e-01   8.3071173e-01  -1.8680833e+00   7.8379036e-01  -4.6832593e-01  -4.3682678e-01
   2.0000000e+00   1.2101551e+00  -6.2740550e-01  -1.2405335e+00  -3.0628886e-02   6.9470274e-01  -1.8271466e+00
   2.0000000e+00   1.9652375e+00  -1.0764409e+00  -1.0611259e+00  -3.7429238e-01  -2.0432654e+00  -2.3037115e+00
   2.0000000e+00  -1.6547965e+00   8.2790844e-01   1.0575752e+00   2.0999240e-01  -9.6706136e-02  -2.0846921e-01
   2.0000000e+00  -2.4967038e-01   8.0812718e-01   2.3880490e-01  -9.9706151e-02  -1.6337443e-01  -2.6589417e+00
   2.0000000e+00   4.6177819e-01  -7.8954335e-01   1.1956902e+00   4.1146817e-01   1.0660643e+00   5.7395988e-01
   2.0000000e+00  -1.8036797e-01  -8.8312194e-01  -1.1324346e+00  -8.3171279e-01  -4.0513873e-01  -3.9468720e-02
   2.0000000e+00  -2.7224464e-01  -2.1727712e+00  -5.7865788e-01  -2.1890540e+00   1.5874266e+00  -1.7180954e-01
   2.0000000e+00  -8.3803007e-01  -1.1160342e+00  -4.2541429e-01   1.4118588e+00  -3.4501374e-01  -1.1247634e+00
   1.0000000e+00   1.5468199e-01   3.9803081e-02   5.3120960e-01   1.1247383e-01   8.1646726e-01  -8.2088709e-01
   2.0000000e+00  -7.0845684e-01  -4.7975579e-01  -1.2686381e+00   1.3176424e-01  -9.3342961e-01  -2.7185726e-01
   1.0000000e+00   9.7029657e-01   1.1885946e+00   3.2436534e-01   7.3980833e-01   1.1086849e-01   3.7118240e-01
   2.0000000e+00   2.0759147e+00  -6.2411783e-01  -4.0766992e-01  -6.1852436e-01  -1.8726704e+00   1.0906771e+00
   2.0000000e+00  -9.6175276e-01   5.3672369e-01  -3.5655782e-02  -8.4925104e-03  -3.5190964e-01  -4.0953289e-01
   2.0000000e+00   1.5471740e+00  -1.4199127e+00   6.6524003e-01   5.6144356e-02  -3.7212556e-01  -4.3125445e-02
   1.0000000e+00   8.3214157e-03   7.5627195e-01  -3.0561642e-02  -3.1279722e-01  -4.4537601e-01  -1.9569886e+00
   2.0000000e+00  -1.2937480e+00   9.7248824e-01   8.0381310e-01  -2.8979863e-01   2.2933110e-01  -7.6182574e-01
   2.0000000e+00  -9.5909654e-01   8.1225580e-01  -1.6193317e+00  -1.5864999e-01   3.5277187e-01   1.6639026e+00
   2.0000000e+00   1.8156628e+00   6.9683780e-01   1.2820046e+00  -1.6225063e+00   1.0756738e+00   8.9514770e-01
   2.0000000e+00   8.9045797e-01  -7.7170471e-01  -1.1597771e+00  -3.0087143e-01   1.1813789e+00  -1.0189448e+00
   2.0000000e+00  -8.2071273e-01   5.6296404e-01  -6.0839406e-01  -1.7288146e+00  -7.4814819e-02   7.4046744e-01
   2.0000000e+00  -4.6033849e-01  -8.8764663e-01  -1.1887226e-01   2.6266269e-01  -5.1474105e-01   8.8623166e-01
   2.0000000e+00  -1.0489282e+00   1.1781061e+00   5.2283373e-01   1.9814526e-01  -1.0142069e+00  -1.4484995e+00
   2.0000000e+00  -1.1293451e+00   6.3512580e-01  -7.6863728e-01   9.9198634e-01   3.7637037e-01   3.0432126e-02
   2.0000000e+00  -1.3993614e+00  -1.1482270e+00  -8.4767476e-01  -1.8390500e-01   8.4142554e-02   6.3025930e-01
   2.0000000e+00  -4.1690972e-01  -4.9125312e-01   3.6235368e-01  -1.2943565e-01   4.9953906e-01  -1.2519068e+00
   1.0000000e+00   2.8399456e-01  -5.1110946e-01  -6.1271106e-01   1.9530431e-02   7.9957240e-02   8.8352376e-01
   2.0000000e+00   1.1382969e+00   8.6923228e-02   1.5104670e+00   9.2221947e-01   6.3719787e-01   1.5787882e+00
   2.0000000e+00   1.6029037e+00  -5.2781139e-01  -2.2267520e-01   1.7595521e-01   2.3760450e-01   2.4953390e-01
   2.0000000e+00   1.0916251e+00  -5.3785762e-01  -1.1335136e+00   1.1016044e+00   2.6424140e+00   9.6055603e-01
   2.0000000e+00   9.7464090e-01  -1.9877786e+00  -4.0411191e-02  -8.1043532e-01   1.1798230e-01  -8.3618736e-01
   2.0000000e+00  -1.2083205e+00   9.5027439e-01   1.8669420e+00  -1.0436855e+00  -1.0504441e+00   9.1364693e-01
   2.0000000e+00  -3.2799985e-02   7.3243953e-02  -1.2233301e+00   6.8838621e-02   1.3528879e-01  -5.5491911e-01
   2.0000000e+00   1.1126443e+00  -1.5746045e-01   2.0233811e-01  -2.7698164e-01  -4.9167770e-01  -1.2345098e+00
   1.0000000e+00   5.6701927e-01  -1.3434885e+00   7.2780319e-01  -2.3980728e-01   2.5633831e-01   8.1290086e-01
   2.0000000e+00   1.2400749e+00   1.6775359e-01   1.5132189e+00   1.3044230e+00  -4.5858624e-01  -1.0233572e+00
   2.0000000e+00  -7.8777553e-01  -1.4093157e+00   1.9035606e+00  -2.3329924e-01   5.1344244e-01  -8.5401680e-02
   2.0000000e+00  -2.7246620e-01   1.1286308e+00   3.9704815e-01   5.3631125e-01  -2.5308138e-02  -4.7423131e-01
   2.0000000e+00  -1.6353566e+00  -3.8743154e-01   3.3456147e-01   1.2880295e+00  -1.0095473e+00  -9.2969963e-01
   1.0000000e+00   2.5200503e-01  -5.3212830e-01   1.4976444e+00   1.3264654e+00  -7.4958828e-01  -9.0077164e-02
   1.0000000e+00   6.5142977e-01  -1.3286805e-01   8.3392052e-02   7.1094510e-02   4.3868818e-01   7.3741734e-01
   2.0000000e+00   5.2686546e-01  -6.5558729e-01   1.2479803e+00   4.5423878e-02   1.2627251e+00  -8.3986398e-01
   2.0000000e+00  -6.8811862e-01  -1.8511384e+00   1.0921723e+00   2.6935832e-02   2.3994757e+00  -9.7972429e-01
   2.0000000e+00  -1.3194233e+00  -9.2792211e-01   3.5002830e-01   1.0833407e+00  -1.0954144e+00  -3.1094761e+00
   1.0000000e+00   3.1447253e-01   1.3345271e+00   1.0694563e+00   3.9434354e-01  -1.4876911e-01   1.4656389e+00
   2.0000000e+00  -6.8890884e-01  -7.1231535e-01   1.0155178e+00  -1.0124573e+00   1.0935907e-01   6.2948467e-01
   2.0000000e+00   1.3102869e+00   6.6416351e-01   8.2661270e-01  -5.1262977e-01   8.7861977e-01   3.8404092e-01
   2.0000000e+00  -1.7426034e-01   2.9412716e-02   1.6687860e-01  -8.5570737e-01  -1.1466693e-01  -7.8958684e-01
   2.0000000e+00  -8.5460553e-01   8.2575526e-01   6.9001189e-02   1.0532320e+00  -1.2000901e+00  -5.4052735e-01
   2.0000000e+00  -2.9303760e-01   1.3687931e-01   4.5517587e-01  -5.7876522e-01   1.0441053e+00   4.4315210e-01
   2.0000000e+00   1.2466551e+00  -8.8066720e-01   4.4456156e-01  -4.8285265e-01  -2.5805775e-01   8.3082284e-01
   2.0000000e+00  -1.7088595e+00  -4.1227970e-01  -1.9405558e-01   4.7270789e-01  -3.7664534e-01  -4.6741613e-01
   1.0000000e+00   6.4404923e-01   7.6787474e-01   7.2588987e-01   7.1646793e-01  -7.0189467e-01   9.8532838e-01
   2.0000000e+00  -2.6589324e-01   7.6360814e-01   6.8104796e-01  -4.6680107e-01   4.0466608e-01   3.7278573e-01
   2.0000000e+00   1.1186029e+00   8.9225363e-01   6.7600858e-01   1.8809857e-01   8.6448223e-01   4.6372011e-01
   2.0000000e+00  -1.1224688e+00   4.6886245e-01   7.7866177e-01  -5.5312842e-01  -1.5861889e-01  -1.6265635e+00
   2.0000000e+00  -4.9967449e-01  -2.2007193e-01  -1.0126265e+00  -4.4791634e-01  -1.0234749e+00   3.9313693e-01
   2.0000000e+00  -5.9397830e-01   9.5497223e-01  -3.6797431e-01   2.5901730e-01   1.3377477e+00   1.2662398e+00
   2.0000000e+00  -4.1549860e-01   7.4083573e-01   1.1757607e+00  -1.0686912e+00   8.9709050e-01   6.5722181e-01
   1.0000000e+00   5.1654614e-01   5.8158364e-01   5.8243173e-01   3.3115821e-01   4.8218867e-01  -7.0152143e-02
   2.0000000e+00  -1.1873908e+00  -8.7661839e-01  -8.4670628e-01  -4.9820403e-01  -1.2492735e+00   1.4973183e+00
   2.0000000e+00  -1.3004598e+00  -8.6490500e-01   1.3405223e-01  -7.9113600e-01   5.0460726e-03  -1.0890329e-01
   2.0000000e+00  -2.0378796e-01   4.9529238e-01  -1.2289453e-01  -3.4816405e-02  -8.0169325e-02   9.7585272e-02
   2.0000000e+00  -3.4377950e-01  -1.7034768e-01   3.0475807e-01   5.4530140e-01  -4.9609034e-01  -1.4358808e+00
   2.0000000e+00   1.5465491e-01   2.2322735e+00  -1.3417130e+00  -1.3206952e+00  -3.6556054e-01  -1.4934269e+00
   2.0000000e+00  -6.1590249e-01  -7.0060333e-01   8.2671264e-01   1.1596055e-01   2.6487001e-01   4.6276975e-01
   2.0000000e+00  -2.5433278e-01   8.0378230e-01  -1.5282275e+00  -1.9660454e+00  -9.0552306e-01  -1.6057964e+00
   1.0000000e+00   7.2713579e-01  -3.3534974e-01   1.0962967e-01   1.4375933e+00  -1.3566768e-01  -5.5605607e-01
   2.0000000e+00  -8.5378958e-01   1.0404638e+00  -7.8424205e-02  -4.5589974e-03   2.8460400e-01  -5.0561409e-01
   2.0000000e+00   8.2043730e-01   1.2761079e+00  -1.2395123e+00   3.0651781e-01   1.1805105e+00  -1.8433040e-01
   1.0000000e+00   9.0006061e-01  -1.5322107e+00   1.5407848e+00  -5.6498963e-01  -9.8350495e-02   2.0946695e-01
   2.0000000e+00   6.5700648e-02   8.7235529e-01   6.9548999e-02   2.3131295e+00   1.1946802e+00   2.9677841e-01
   2.0000000e+00   1.3272058e+00   4.1394342e-01  -1.5094478e+00   2.0957346e-01  -3.3775450e-01   3.4493002e-01
   2.0000000e+00   1.0403624e+00   1.2247173e-01   2.7698827e-01   3.5613116e-01  -9.2866666e-01  -9.4760162e-02
   2.0000000e+00  -9.8517202e-01   9.7535399e-01   5.8628655e-01   6.8936114e-01   7.8019358e-01  -4.1239906e-01
   2.0000000e+00  -5.8104976e-01  -1.2842529e+00   3.1159715e-01  -4.7685066e-01   1.5232759e+00  -1.4775693e+00
   2.0000000e+00  -9.8123204e-01   3.5304962e-02   3.6084515e-01   1.6584496e+00  -8.7517795e-01   6.4611529e-01
   2.0000000e+00  -5.1217868e-01   3.7546959e-01   1.4532973e-01  -1.9005405e+00   1.6057095e-01   1.1254013e+00
   2.0000000e+00  -5.6517033e-01   7.5158929e-01  -7.3233810e-01  -3.5588631e-01  -1.0418621e+00   1.2104760e+00
   2.0000000e+00   1.0485149e+00  -1.0268871e+00   2.1005599e-01   1.5565186e+00   2.5914842e-01   2.8620060e-01
   2.0000000e+00   2.1112502e+00  -2.8722453e-01   1.8827762e+00   1.4104585e+00  -4.8198990e-01   2.4803518e+00
   1.0000000e+00   1.4735455e-01   8.1154307e-01   3.9284004e-01  -1.7932462e-01   4.6006131e-01  -2.2212953e+00
   2.0000000e+00   6.5151523e-01  -2.6031951e-01  -7.0823467e-03   1.3128827e+00  -1.0156399e+00  -3.2097785e-01
   2.0000000e+00  -3.4196816e-01   5.8346232e-01  -1.6922650e-01   6.8291935e-01   1.5941395e+00   1.4415521e+00
   2.0000000e+00  -3.6993383e-01   2.2407177e-01   1.1997995e+00  -2.5899842e+00   2.3332843e-01  -4.0288487e-01
   2.0000000e+00  -3.2659136e-01  -5.8697807e-01   1.7173802e-01   9.6052429e-01   6.6949258e-01   1.0100002e+00
   1.0000000e+00   2.8462549e-01   7.4318683e-01  -6.3386794e-01   2.3523108e-01  -9.3969535e-01   4.8140555e-01
   2.0000000e+00  -1.0799230e+00  -9.2203034e-01   2.8543470e-01  -2.1609480e-01   3.4739013e-01  -6.6035815e-01
   2.0000000e+00   1.2712935e+00  -8.4074981e-01   9.9553680e-01  -1.4348117e+00   1.7753196e+00   6.3748105e-01
   2.0000000e+00   2.3459419e+00   2.0454056e-01   9.7065490e-01  -4.6454533e-01  -2.0275833e+00  -2.7097863e+00
   2.0000000e+00  -7.2233631e-01   1.1597827e+00   6.1785636e-01  -3.8536856e-01  -6.1603699e-01   6.3827592e-01
   2.0000000e+00   1.1784584e+00  -1.8203575e+00   1.7054369e+00   4.8163112e-02  -4.9650392e-01   1.5581910e+00
   2.0000000e+00   1.2118361e+00  -5.6583089e-02   1.2266448e+00  -3.2619096e-01  -1.6795089e+00   3.9230647e-01
   2.0000000e+00   1.3596739e+00  -1.5433887e+00  -7.4383605e-01  -6.2249255e-01   1.6560732e+00  -6.4217594e-01
   1.0000000e+00   6.6458355e-01  -3.4769733e-01   3.1627232e-01   1.1359227e+00  -6.6769528e-01   1.1176876e-01
   2.0000000e+00  -1.2840621e+00  -4.3624846e-01  -7.0922983e-01   2.3606866e-01   7.5556578e-01  -9.4505205e-01
   1.0000000e+00   7.8076896e-01   8.4191849e-01  -5.5955957e-01  -2.7007511e+00  -2.6562300e-01  -7.1929315e-01
   2.0000000e+00  -6.9257296e-01  -7.5496881e-01  -1.7080746e-01   1.3554172e+00   8.4416680e-01   5.3767036e-01
   2.0000000e+00   2.2927925e-01   8.1271988e-02  -2.3740826e-01   1.6823793e+00   1.3271661e+00   4.0050167e-01
   1.0000000e+00   4.7313896e-01   2.2880284e-01   3.9909200e-01   5.6888806e-01  -4.9910717e-01  -9.6165411e-01
   2.0000000e+00  -9.0249834e-01   4.7874214e-01  -1.0433894e+00  -6.4240874e-01   9.0002197e-01  -3.3834246e-02
   2.0000000e+00  -1.4264889e+00  -1.1467269e+00  -1.9351095e-01   1.7331277e-01  -2.0599995e+00  -1.3757680e+00
   2.0000000e+00   1.4414511e+00  -2.6814005e-01  -1.7088429e+00  -1.8384789e-01   1.0148991e+00  -1.3276305e-01
   2.0000000e+00   1.1091104e+00  -1.0268946e-01   5.3723337e-01  -9.6710811e-01   1.4007478e+00  -1.7927713e+00
   2.0000000e+00   1.1412899e+00  -4.2117359e-01  -2.2515452e-01   1.4846909e+00   1.7852228e+00  -2.8369536e-01
   1.0000000e+00   1.6630276e-01  -6.6291087e-02   9.4314216e-01   4.3875369e-01  -7.9609751e-02  -4.4656690e-01
   2.0000000e+00  -5.1247037e-01   4.2458500e-01   5.3785022e-01   2.3237405e-01   5.8117951e-01   1.2771672e+00
   2.0000000e+00  -1.1901148e+00   1.6784359e+00  -1.7182571e+00   1.8423260e-01  -7.9519919e-02  -4.9691999e-02
   2.0000000e+00  -1.0379167e+00  -9.7259658e-01   2.4346289e-01   2.5078265e-01   2.6796692e-02  -1.9603664e+00
   2.0000000e+00  -2.1844777e+00   1.7055296e-01  -3.3697554e-01   6.2713371e-01  -1.4593424e-01  -7.2628209e-01
   2.0000000e+00   1.0269136e+00   7.0760875e-01  -1.0545836e+00  -7.7430746e-01   5.7877640e-01   1.2572101e-02
   2.0000000e+00   1.2433746e+00   2.4872222e-01  -6.8782236e-01   5.4538128e-01  -6.4715898e-01  -9.3556806e-01
   2.0000000e+00   6.4014275e-01   3.0524099e-01   7.5147811e-01   3.5845424e-01  -1.8988153e+00   2.2206368e+00
   2.0000000e+00  -7.8145192e-01  -4.8685983e-01  -2.1106226e-01  -1.2660369e+00  -8.4713336e-01  -9.3255103e-03
   2.0000000e+00   1.2310920e+00  -1.2602637e+00  -6.0183343e-01  -2.2104638e-01   2.9829786e-01  -1.1032540e+00
   2.0000000e+00   7.8543845e-01   3.7481588e-01   1.0992836e+00   2.5749174e-01   1.1372243e+00  -6.6562057e-01
   1.0000000e+00   7.9399434e-01   1.4817973e+00  -2.2797375e-01  -8.6427643e-01  -4.5339275e-01  -7.6335100e-01
   2.0000000e+00  -4.3641629e-01   1.2971741e+00  -6.5721357e-01  -5.5406370e-01   5.0470045e-01   8.2443426e-02
   2.0000000e+00  -1.7432075e-01   1.5693090e+00   2.5835218e+00  -1.3065754e+00  -2.0096485e-01  -3.5880193e-01
   2.0000000e+00  -2.1970612e+00   9.2907381e-01   3.1297407e-02  -1.6349301e+00   6.7903481e-01  -4.0790566e-01
   2.0000000e+00  -1.0237278e-02  -4.9056589e-01  -1.6950439e+00  -7.5196184e-01   1.1331258e+00  -8.2952173e-01
   2.0000000e+00   5.6774052e-01   1.8641173e+00   6.3430948e-01   5.5404063e-01   9.3858083e-01   2.1123298e-01
   2.0000000e+00  -8.7966103e-01  -2.2059038e-01   2.0073212e+00   6.6676647e-01  -1.3423647e+00   1.8155652e+00
   2.0000000e+00  -6.1315726e-01   4.1200167e-01  -4.2672221e-01  -2.6989072e-01  -1.6640121e-01   1.4790176e+00
   2.0000000e+00  -1.5101210e+00   5.9298156e-02   5.6258964e-01   9.0019259e-01   1.2806976e-01  -1.8684409e+00
   2.0000000e+00   1.2906464e+00  -2.2255138e-01  -7.3718275e-01  -1.3763474e+00   5.1088229e-01   1.0382680e+00
   2.0000000e+00  -1.7245216e+00  -8.8500657e-01   1.2505892e-01   3.3496297e-01  -4.4081691e-01   1.9308708e+00
   2.0000000e+00  -3.8374092e-01   2.0812763e-01   1.5624982e+00  -4.3282800e-01   1.2948689e+00   5.1107254e-01
   2.0000000e+00   1.3316208e+00   1.0889700e+00  -1.0643724e+00   8.6509863e-01  -1.2775036e+00  -7.4015244e-01
   2.0000000e+00  -2.4837631e-01   5.7962850e-01  -1.4395609e-01   3.1402002e-01  -4.1309586e-01   3.0340235e-01
   2.0000000e+00   1.6260673e+00   4.9575963e-01  -1.9014892e+00  -7.8506993e-01   1.8039339e+00  -6.3872924e-02
   2.0000000e+00  -9.3149307e-01   2.2295347e+00  -1.9108280e+00  -8.8732193e-01  -1.0011362e+00   9.7243034e-01
   2.0000000e+00  -2.6836234e+00  -2.7601565e-01  -5.6130209e-01  -1.1509982e+00   9.7518767e-01   7.1509089e-01
   1.0000000e+00   1.5255293e-01   1.2516007e+00   1.7532451e+00  -5.9522895e-01   8.7580672e-01   7.5720733e-01
   2.0000000e+00   7.4481703e-01   8.0739503e-01   3.9775427e-01   7.1175312e-01   1.9724496e+00   5.3505346e-01
   2.0000000e+00   1.3607078e+00   5.1938306e-01  -2.8697383e-01   5.7592847e-01   1.5854329e+00   1.3090891e+00
   2.0000000e+00  -1.6272062e+00   3.2844244e-01   1.2921358e+00   6.7067168e-02  -4.0553704e-02  -4.7752411e-03
   2.0000000e+00  -1.8009548e-01   1.1259879e-01   6.1231680e-01   8.9401078e-01   4.0755097e-01  -3.8339535e-01
   1.0000000e+00   1.5263696e-02  -1.8761040e-01  -4.1243166e-01  -8.6224043e-02  -3.5575055e-01  -1.5975981e-01
   2.0000000e+00   9.1433136e-01  -6.3560052e-01  -4.4031793e-01   1.3094316e+00   6.1336173e-01   3.9917810e-01
   2.0000000e+00   7.9851710e-02   7.5776925e-03   1.3307671e+00  -1.9477281e-01  -1.0072434e+00   1.9192524e-01
   2.0000000e+00   9.0662003e-01  -6.9692620e-01  -4.7170590e-01   7.7231711e-01   6.2705635e-01   1.7860299e+00
   2.0000000e+00  -3.1232181e-01  -1.2015673e+00   1.3367698e+00   1.8590125e-02  -2.6237268e-01   3.6617890e-01
   2.0000000e+00   2.6163301e-01  -1.6746266e+00  -7.2561019e-01  -4.6734326e-01  -9.8333586e-01   4.0777967e-01
   2.0000000e+00  -1.1282465e+00  -5.6147003e-01   1.8105670e+00   1.6039261e+00   1.0556687e+00   2.0587355e-01
   2.0000000e+00   2.5427821e+00  -7.3532469e-01   3.2454330e-01  -1.6605537e-02  -1.4347758e+00   8.2557731e-01
   2.0000000e+00   1.1037935e+00  -3.4380757e-01  -5.6937828e-01  -1.1157893e+00   1.8836565e+00  -1.9234985e-01
   2.0000000e+00  -6.2963533e-02   1.3276821e+00  -3.0878328e-01  -1.1935483e+00   1.3872394e+00   8.2331177e-01
   2.0000000e+00  -1.5232464e-01   1.8593138e-01   2.2590705e-01   2.2931322e-01  -1.5942330e-01   1.5163991e-01
   2.0000000e+00  -1.0694327e+00  -5.0827375e-01  -6.9469420e-01   1.9721815e+00   1.3098780e+00  -3.9923722e-01
   2.0000000e+00  -2.2836871e-01   5.6111183e-01  -1.2081413e+00   2.4215575e-01  -3.1018044e-01   2.8992270e-01
   2.0000000e+00  -1.2737559e-01   1.1364215e+00   2.2145425e-01  -7.7328504e-01  -1.8543103e+00   1.1953969e+00
   2.0000000e+00   6.8493556e-01   8.8094424e-01   2.6654739e-01  -1.5673880e+00  -1.0866741e+00  -1.0570677e+00
   2.0000000e+00  -3.0171354e+00  -1.3434966e+00   2.3173228e+00   9.9866356e-01  -1.3533378e+00   1.0486399e+00
   2.0000000e+00  -2.9674556e-01  -6.1339909e-01   1.3978537e+00  -7.6257832e-02  -8.7054389e-01  -5.8566448e-01
   2.0000000e+00   1.0094971e+00  -6.8913520e-01  -7.0401229e-01   3.0490485e-01  -5.4568601e-01   1.0066117e+00
   1.0000000e+00   1.4893104e-01   7.0566569e-02  -1.4448149e+00   1.1710731e-01   5.3006787e-02   5.6177602e-01
   2.0000000e+00  -9.2674482e-01   6.0240408e-02   3.6176771e-01  -1.2888340e+00   1.0313271e+00  -2.7769297e-01
   2.0000000e+00  -8.0455728e-01  -1.0703080e+00  -2.2764652e-01  -8.7940800e-01   1.8391542e-01  -2.1052778e+00
   2.0000000e+00   1.6255475e+00  -3.7662083e-01  -1.1259107e-01   8.3344710e-02  -1.0945218e+00   3.6943475e-01
   1.0000000e+00   6.7045656e-01   3.4326772e-01  -7.4661844e-01  -8.4748337e-01   6.5359529e-02   4.2266858e-01
   2.0000000e+00  -5.7100295e-01   1.6622741e+00   7.6440937e-01  -1.6660974e+00  -2.1170368e+00   3.7571050e-01
   1.0000000e+00   6.5409462e-01   8.4779855e-03  -4.3145734e-01  -2.2846398e-01  -6.7566637e-01   2.5787910e-01
   2.0000000e+00   8.9339300e-01  -3.7854737e-01   1.2306394e+00  -2.3446963e-01  -1.4593764e+00  -3.5364570e-01
   2.0000000e+00  -9.2988865e-02   4.5816220e-01   3.1107356e-01  -1.5151401e-01  -1.8366027e-01   6.6437256e-01
   2.0000000e+00  -1.0518353e+00  -1.0301450e+00   1.3525542e+00   1.5843433e-01  -1.5031936e-01  -1.1803972e+00
   2.0000000e+00  -4.2169382e-01   8.9801975e-01   5.5819305e-01   5.9135245e-01   1.5683378e-01   4.4211315e-02
   2.0000000e+00   3.5374249e-01  -4.4840335e-01  -2.2965327e-01   4.6303898e-01  -2.0000329e+00  -1.2289975e+00
   1.0000000e+00   5.6943611e-01  -8.3123538e-01  -1.4346169e+00   1.3978498e+00  -3.1114200e-01  -3.1541251e-01
   2.0000000e+00   1.7162935e+00   6.3507539e-01  -8.1716548e-01  -8.8401122e-01  -9.1543898e-01  -2.1532875e-01
   2.0000000e+00  -3.9291287e-01   4.4788284e-01   7.5790201e-01  -7.2462182e-01  -1.0315985e+00  -9.0663804e-01
   2.0000000e+00  -1.9408332e+00   1.5234071e+00   1.1106206e+00   5.1371320e-01  -7.7736596e-01   5.6903778e-01
   2.0000000e+00  -1.3359138e+00  -1.4917152e+00  -1.4106214e+00   9.1602132e-01  -1.3253009e+00   1.8900460e+00
   2.0000000e+00   2.4673534e-01  -7.6107206e-01   8.5475500e-01   4.7753539e-01   2.4074551e+00   1.2729221e+00
   2.0000000e+00  -9.2197342e-01  -8.9215823e-01  -4.7165952e-01   7.6739993e-01  -1.0536103e+00  -2.3073840e-01
   2.0000000e+00  -2.4982130e+00  -1.0035710e-01   1.1621931e-01   1.3303369e+00   2.8429417e-02  -2.3393697e+00
   1.0000000e+00   1.7416627e-01   1.3809150e+00   1.1574533e-01   1.1399403e+00   5.2646781e-01  -2.6694715e-01
   2.0000000e+00  -7.3611487e-01  -1.0829412e+00   2.8906090e+00  -1.3026311e+00  -4.4950213e-01   3.1653683e-01
   2.0000000e+00  -1.0434780e+00   1.5653543e+00   3.8515978e-01  -1.9091284e+00  -4.6890951e-01  -3.7164865e-01
   2.0000000e+00  -1.4495395e+00   1.7968776e+00  -9.4811047e-01  -8.8927602e-01  -5.1495631e-02   1.7447899e-01
   2.0000000e+00  -8.7217746e-01  -4.1291052e-01  -1.7475269e+00  -5.7900334e-01   9.9870438e-01  -1.5582737e+00
   2.0000000e+00   1.2296095e+00  -7.5558558e-01   5.4659260e-01  -3.1030912e-01  -7.9960314e-01  -9.1228614e-01
   2.0000000e+00  -1.9078606e+00   1.6294260e+00   8.7274104e-01  -6.5956008e-01  -8.6452952e-03  -4.0775136e-01
   2.0000000e+00   1.0061070e+00   9.0178939e-01  -1.1352479e+00   1.4577294e-01   1.5000015e-01   1.4006355e+00
   1.0000000e+00   6.8139599e-01  -4.9777849e-01   1.3818745e+00  -4.7918783e-01   3.5151483e-01   3.3678517e-02
   1.0000000e+00   5.6607164e-01  -2.7679492e-01   1.8369553e+00  -3.3189544e-01  -2.0423428e-01   1.1304149e+00
   2.0000000e+00  -2.1517918e+00   1.9402635e-01   2.8657446e-01  -2.8607765e-01  -1.1489468e+00   1.7203016e-01
   2.0000000e+00   1.9445581e+00  -2.2922511e+00  -1.5102842e+00  -4.9439299e-01   9.7445637e-01  -1.2104369e+00
   2.0000000e+00   2.0985594e+00  -1.1072861e+00   1.2716010e+00   1.3008588e+00  -1.0456562e+00  -6.5033602e-01
   2.0000000e+00  -9.8679502e-01  -5.0685657e-02   4.6289228e-01   1.1430539e+00   1.1245583e+00  -3.3486235e-01
   2.0000000e+00  -7.2037432e-01  -1.4131521e+00   8.4095790e-01  -4.3643525e-01   1.8363113e+00  -1.0023832e+00
   1.0000000e+00   5.4746550e-01  -3.6428823e-01  -9.8105298e-01  -1.3112510e+00   6.2661527e-02   1.4063631e+00
   2.0000000e+00   7.7767078e-01  -8.7428215e-01   4.3746017e-01  -1.8979880e+00  -8.1521619e-01   1.3622425e+00
   2.0000000e+00  -1.1013432e+00  -3.0000272e-01  -2.7101470e-01   3.9026657e-01  -5.2993165e-01   5.8051336e-01
   2.0000000e+00  -1.5689454e-01   7.9585423e-01   9.9540814e-01  -1.1486612e+00  -9.7465778e-03  -4.9516213e-01
   2.0000000e+00  -3.9074035e-01   1.0689452e-01   1.4942081e+00  -3.9682262e-01  -1.3301546e+00  -3.0013453e-01
   2.0000000e+00  -1.0154237e+00   1.8086248e+00   1.1053192e+00  -1.5547588e+00  -1.6440582e+00   1.0442428e+00
   2.0000000e+00  -1.5998650e+00   5.3505718e-01  -1.2632031e+00  -2.0682462e-01   1.8043821e+00   3.6873450e-01
   2.0000000e+00  -7.8649981e-01  -7.2500619e-01   9.7158663e-01   3.1587419e-01  -2.1193455e+00   1.1902255e+00
   2.0000000e+00  -1.6523302e+00   6.4323577e-01  -5.1988832e-01   1.3981860e+00  -4.6217054e-01  -1.0068879e+00
   2.0000000e+00  -1.2341006e-02   7.8656510e-01  -5.7652665e-01   1.4803837e+00  -1.6372674e+00  -1.3801583e+00
   1.0000000e+00   4.2141863e-01  -1.6988883e+00   3.8613826e-01  -8.0402587e-01  -1.6422433e-01  -2.5802799e-01
   2.0000000e+00  -7.7483442e-01   3.3211720e-01  -1.3520010e+00  -6.2197392e-01   8.6529054e-01  -1.0215445e+00
   2.0000000e+00  -8.0024181e-01  -1.2289619e+00   2.1091049e+00   2.7960882e+00   4.6114723e-01   1.9914543e+00
   2.0000000e+00   7.3619210e-01   4.2043396e-02  -5.9431632e-01   1.2933860e+00   1.2135500e+00   5.0549990e-01
   2.0000000e+00   2.1656747e+00  -8.9653141e-01  -3.1796373e-01  -4.2890616e-01  -4.4057732e-01   1.1807708e+00
   2.0000000e+00  -1.2023922e+00  -5.9872968e-01  -3.2973056e-01  -1.0075673e+00  -5.9785795e-01   2.2105094e-01
   2.0000000e+00  -6.6160746e-01  -4.2618296e-01   1.2086350e+00   1.3089359e+00   5.4100370e-01  -1.0837416e+00
   1.0000000e+00   6.3524115e-01  -3.3157727e-01  -1.4042888e-01  -2.8575005e-01  -2.2159751e-01   1.8753168e+00
   2.0000000e+00  -1.8712908e-01   1.2899750e+00  -3.6375436e-01   5.0777416e-01   4.5876026e-01  -4.0395664e-01
   1.0000000e+00   2.0261855e-01  -3.7433963e-01   4.6166055e-01   5.7559063e-01  -3.9540312e-01  -1.1936968e+00
   2.0000000e+00   5.1746638e-01  -8.6714535e-01  -5.9765167e-01  -2.0208659e+00   9.6699639e-01  -1.8639394e+00
   2.0000000e+00  -3.6312098e-01   7.5878906e-01   6.9325669e-02   7.3198605e-01   1.4887532e+00   4.4912763e-01
   1.0000000e+00   2.4731041e-01  -1.9617374e+00  -1.2775637e-01   1.9581229e+00   6.6897276e-02  -3.9471955e-01
   1.0000000e+00   9.6072295e-01  -3.5973365e-01   3.5636382e+00   5.8004526e-01   4.6572074e-02  -1.6729536e+00
   2.0000000e+00  -1.4002767e+00   1.2214178e-01  -4.4564482e-01   7.4167455e-01  -1.1254354e+00  -2.3469931e-01
   2.0000000e+00  -3.0167406e-02  -1.5787335e+00  -7.1133699e-01   5.7437111e-01  -8.0916623e-01  -1.0912848e+00
   2.0000000e+00   1.0817124e+00  -1.5736559e+00  -7.2689657e-02   2.6319440e-01  -1.6232179e-01   2.3787283e+00
   2.0000000e+00  -1.7341854e-01  -1.9682415e+00  -9.5161642e-01   7.3098658e-01  -1.5633660e+00  -1.0932940e+00
   2.0000000e+00  -2.1584573e-01   8.7450237e-01   9.8671272e-01   6.2165943e-02   7.7934229e-01   1.1149832e-01
   1.0000000e+00   8.5567824e-01   1.2307719e+00   2.9517285e+00  -2.5589845e-01   3.6521029e-01   5.2750825e-01
   2.0000000e+00   8.9373522e-01  -3.5178997e-01   1.4185350e+00  -8.0465617e-01   1.7213320e+00  -1.6990101e-01
   2.0000000e+00   2.0003791e-01   5.2680471e-01   8.5909762e-01  -2.4268377e-01   1.4162422e+00  -1.0434230e-01
   2.0000000e+00   1.0491378e+00   1.0805649e+00   1.8506838e+00  -1.5596379e+00  -8.5992717e-01   7.4986656e-01
   2.0000000e+00   1.0563361e-01  -3.4585612e-01   3.6241927e-01   5.3907697e-01  -1.1923350e+00   1.0486568e+00
   2.0000000e+00  -1.3577687e+00  -1.1111793e-01   5.0321958e-01   2.5753341e+00  -1.0229237e+00  -3.5139028e-01
   2.0000000e+00  -1.6400944e-01  -1.2129895e-01  -1.3737656e+00   2.2172704e-01  -1.0220745e+00   2.8761862e-01
   2.0000000e+00   2.4992193e+00   1.2626997e+00   1.0338435e+00  -9.0682184e-01   6.2109652e-01   5.2763010e-02
   2.0000000e+00   4.0997373e-01  -9.3792416e-01   1.1862035e+00   1.8239403e-02   9.7813432e-01   1.2717758e+00
   1.0000000e+00   1.0114146e-01  -3.6641827e-01  -1.8411572e-01   9.1049352e-01  -8.3298016e-01  -8.8866125e-01
   1.0000000e+00   9.1473730e-02  -9.5286507e-01  -5.2438662e-02   7.5103857e-01  -6.3315779e-01  -2.9068854e-01
   2.0000000e+00   9.6282145e-01   1.7973630e-01   8.2519190e-01   3.1422268e-01  -2.8136444e-01  -3.6964630e-01
   2.0000000e+00   2.0125041e-01   1.2635021e-01  -1.8138738e+00   1.6202118e-01  -1.3628262e+00   1.1823413e+00
   2.0000000e+00   7.5626097e-01   2.7584153e-01   2.6949736e-01   1.1606866e+00  -8.8706037e-01  -1.6725305e+00
   1.0000000e+00   4.2613650e-01   1.0738003e+00  -2.4491819e-02  -1.4386603e+00   7.5906591e-01   3.8775381e-01
   1.0000000e+00   7.4328631e-01   4.1708473e-01   1.3246008e+00   1.2418992e+00  -2.8373383e-01   1.6103986e-01
   2.0000000e+00  -1.4347338e+00   4.8990052e-01  -3.6565517e-01   1.1468116e+00   3.0134745e-01  -1.7942404e+00
   2.0000000e+00  -1.2334931e-02  -1.3791881e+00   3.3986369e-01  -1.0376783e+00   1.7339821e-02   1.3757011e+00
   2.0000000e+00   1.6222311e+00   6.3506528e-02  -1.9378846e+00  -5.9663621e-01   1.3023402e+00  -2.8795321e+00
   2.0000000e+00  -8.3850043e-01   3.0668326e-01   1.4498077e+00  -9.8201830e-01   8.3134216e-02   1.8532270e+00
   2.0000000e+00  -3.3092695e-01   1.2654223e+00   7.8277049e-01  -1.7994470e-01  -9.8198023e-01  -1.3003377e+00
   2.0000000e+00   1.1158276e+00   9.8597550e-01   2.7946614e-02  -1.0225402e+00  -1.7380130e+00  -7.4616252e-01
   2.0000000e+00  -1.4516839e+00  -1.2861971e+00  -1.9070167e+00  -5.6218549e-02  -1.9234533e+00   2.6610244e-01
   2.0000000e+00   7.4030428e-01   1.0918829e+00   6.2401074e-01   1.6622379e+00   1.7314906e+00   2.2059493e+00
   2.0000000e+00  -1.1199577e+00   1.0265710e+00   7.9893122e-01  -3.7488381e-01   1.5702634e+00   4.2492120e-01
   1.0000000e+00   2.4576234e-01  -9.0177432e-01  -6.5856999e-01  -3.2304849e-01  -5.0946730e-01   8.9829187e-01
   2.0000000e+00   5.7090816e-01   8.4329943e-01   1.3660960e+00   6.6351791e-01  -2.5519101e+00   1.4366955e+00
   2.0000000e+00  -2.0227422e+00  -1.2064215e+00   1.4325073e+00  -1.4505463e+00   7.5569686e-01  -1.7654796e+00
   1.0000000e+00   4.0026862e-01  -1.9360180e-01  -1.2206491e+00  -2.5268689e-01  -2.4275883e-01  -1.5102496e+00
   2.0000000e+00   2.2330338e-01  -3.7962356e-01   7.8052148e-01   5.0399681e-02   1.6188252e+00  -7.2826580e-02
   2.0000000e+00  -5.8788765e-01  -9.2179920e-02   6.4789637e-01  -7.0176166e-01  -9.9960168e-01  -7.1550020e-01
   2.0000000e+00  -1.6830048e+00   1.2662123e+00  -5.9599358e-01   6.8886814e-01  -5.4651074e-01  -2.6485127e-01
   2.0000000e+00  -1.9110186e-01  -4.2515324e-02  -7.3571801e-01  -8.0261312e-01   3.4651107e-01  -7.4755754e-01
   2.0000000e+00  -2.9447153e-01  -2.9547738e+00  -1.0890607e+00   5.2791224e-02  -9.7433093e-01   1.5103520e+00
   2.0000000e+00  -8.0670875e-01  -4.4905407e-01   7.0360545e-01  -9.8375409e-01  -7.2902632e-01   2.7974782e-01
   2.0000000e+00  -2.3464263e-01   8.8931360e-01  -6.8836250e-01   2.7588067e-01  -1.8021048e+00  -9.6073280e-01
   2.0000000e+00  -1.2668361e+00  -5.2663889e-01   1.2581469e+00   2.3681906e-02   6.5370087e-01   1.2188212e-01
   2.0000000e+00  -1.2660541e+00  -3.7998591e-01  -1.9441287e+00   1.6046058e-01   7.5591010e-01  -1.6770345e-01
   1.0000000e+00   1.3559636e-01   3.8817813e-02  -7.1009204e-01  -5.6285504e-02   8.4689212e-01  -5.2451303e-01
   2.0000000e+00  -1.6655616e+00  -5.9831645e-01  -6.0653354e-01   1.5724093e+00  -1.7598596e-01  -2.1485472e+00
   2.0000000e+00  -1.3499818e+00   9.2887040e-01   5.6255626e-01   8.6623725e-01  -1.0523372e+00  -3.6157347e-01
   1.0000000e+00   2.8010143e-02   1.6762153e+00   6.4815805e-01  -1.1017126e+00  -7.6771758e-01   2.2134928e-01
   1.0000000e+00   5.9266095e-01  -6.4064780e-01   9.9963709e-01  -6.3725466e-01  -4.2401798e-01  -7.8417451e-01
   1.0000000e+00   8.2383558e-02   1.4257048e+00  -1.1078334e+00  -1.5075395e+00   7.2788025e-01  -2.7137988e-01
   2.0000000e+00  -1.2122679e-01   6.6387318e-02   5.2862297e-01   7.7673838e-01   2.9612175e+00   6.9005753e-01
   2.0000000e+00  -9.6608351e-01   1.2311603e+00   1.1358834e+00   1.3390487e+00  -8.2457583e-01  -3.8584701e-02
   2.0000000e+00   1.0595832e+00  -1.9742287e+00   1.8060184e+00   1.4065222e+00   1.1254844e+00   1.7671552e-01
   2.0000000e+00  -4.1832041e-02  -2.0203653e+00   1.1771612e+00  -1.6155633e-01  -5.6925357e-02  -3.5003713e-01
   1.0000000e+00   1.4617989e-01  -1.7486706e+00  -8.5634961e-01  -1.6569929e+00  -7.7787781e-01   9.6405369e-01
   1.0000000e+00   7.5777788e-01   2.6213873e-01  -2.9868328e-01   1.9443328e+00   4.8482232e-01   2.4712964e-01
   1.0000000e+00   3.3689448e-01   8.9284495e-01  -1.6683534e+00  -1.5696443e+00  -1.4828520e-01   8.6013579e-01
   1.0000000e+00   2.5920209e-01   9.5400362e-01  -3.9915790e-01   1.0205713e-01   8.5742475e-01   1.1435848e+00
   1.0000000e+00   2.6898932e-01   1.1556608e+00   7.5565381e-01  -3.2084711e-01  -3.1903597e-01  -2.2333628e+00
   2.0000000e+00  -2.6016235e-02  -5.6082513e-01   8.5981715e-01  -4.7289684e-01   7.6330367e-01  -5.8928634e-01
   2.0000000e+00   3.7178649e-01   1.1763161e+00   1.3791392e-02   6.1763265e-01   1.4890121e+00   6.1237850e-02
   2.0000000e+00  -1.0017074e+00  -9.2014836e-01  -1.0377690e+00  -8.1819500e-01   2.1171817e-01  -9.6800678e-02
   2.0000000e+00   1.0655782e+00  -2.5984705e-01   3.1325190e-01   5.3433554e-01  -1.3323443e+00   2.1225511e-01
   2.0000000e+00   2.3314094e-01  -5.4688219e-01   5.2415040e-02   1.1086787e+00  -1.3806503e+00   4.8234012e-01
   2.0000000e+00  -2.0519836e-01   1.9012420e-01  -6.9443241e-01   7.6951538e-01   1.6133555e+00   1.3630494e+00
   2.0000000e+00   1.5470393e+00  -3.1880560e-01  -1.3977688e-02   5.3290996e-01  -2.9577350e-01  -1.2029794e-01
   2.0000000e+00  -5.2476543e-01   4.1851753e-01   1.3920370e+00  -4.5120562e-01   1.5409347e-01   2.7214169e-03
   2.0000000e+00   2.3178905e+00   2.4753106e-01   2.0709624e-01  -1.7520371e-01   2.0606622e-01   1.6203732e-02
   2.0000000e+00  -1.9851554e+00   4.0778666e-01  -2.4653460e-01  -1.2456198e+00   1.5868614e+00   3.0164983e-01
   2.0000000e+00   2.9718876e+00  -5.0491093e-01  -1.3332576e+00   1.1940228e+00   1.8646609e-01   8.7814688e-01
   2.0000000e+00   1.2273507e+00  -8.5930980e-01  -1.5639756e-02  -2.2508930e-01   1.2897086e+00  -2.2491126e-02
   2.0000000e+00  -1.6446502e+00  -6.0293053e-01  -6.6152475e-01  -1.6551957e+00   9.9841724e-01  -1.4354034e+00
   2.0000000e+00   1.1703405e+00  -7.4000254e-02  -4.1109231e-01   6.3612348e-01  -1.0959356e-01   5.3876070e-01
